kinematics:
  shoulder:
    x: 0
    y: 0
    z: 0.1625702965797758
    roll: -0
    pitch: 0
    yaw: 4.898391345320441e-09
  upper_arm:
    x: 0.000182214465989093
    y: 0
    z: 0
    roll: 1.571497675314641
    pitch: 0
    yaw: 3.984082409699119e-06
  forearm:
    x: -0.4249817627044961
    y: 0
    z: 0
    roll: 0.001047955138343435
    pitch: -0.001169294971873293
    yaw: 4.425876114326764e-06
  wrist_1:
    x: -0.3921666446509172
    y: -0.0009975307642066673
    z: 0.1333919956383524
    roll: 0.007478051175221102
    pitch: 0.0004306268150536495
    yaw: -7.033675124629128e-06
  wrist_2:
    x: 2.398975523480517e-06
    y: -0.09959821611958637
    z: 0.0001805380634879481
    roll: 1.568983665155081
    pitch: 0
    yaw: -1.012784017796753e-07
  wrist_3:
    x: 7.603964784130673e-05
    y: 0.09950302422228456
    z: 0.0001137934973534554
    roll: 1.571939944776703
    pitch: 3.141592653589793
    yaw: -3.1415926331844
  hash: calib_5972249097379105770
